time [yr], extraction rate [kg/s]
1980.0417,   0.0084
1980.1250,   0.0089
1980.2083,   0.0094
1980.2917,   0.0100
1980.3750,   0.0112
1980.4583,   0.0115
1980.5417,   0.0120
1980.6250,   0.0135
1980.7083,   0.0141
1980.7917,   0.0156
1980.8750,   0.0165
1980.9583,   0.0181
1981.0417,   0.0196
1981.1250,   0.0211
1981.2083,   0.0237
1981.2917,   0.0258
1981.3750,   0.0285
1981.4583,   0.0286
1981.5417,   0.0318
1981.6250,   0.0320
1981.7083,   0.0361
1981.7917,   0.0376
1981.8750,   0.0417
1981.9583,   0.0437
1982.0417,   0.0514
1982.1250,   0.0557
1982.2083,   0.0611
1982.2917,   0.0686
1982.3750,   0.0715
1982.4583,   0.0766
1982.5417,   0.0838
1982.6250,   0.0954
1982.7083,   0.1068
1982.7917,   0.1172
1982.8750,   0.1300
1982.9583,   0.1434
1983.0417,   0.1539
1983.1250,   0.1639
1983.2083,   0.1767
1983.2917,   0.1871
1983.3750,   0.2016
1983.4583,   0.2339
1983.5417,   0.2439
1983.6250,   0.2696
1983.7083,   0.3082
1983.7917,   0.3177
1983.8750,   0.3463
1983.9583,   0.3462
1984.0417,   0.3819
1984.1250,   0.3937
1984.2083,   0.4338
1984.2917,   0.4477
1984.3750,   0.4893
1984.4583,   0.5318
1984.5417,   0.5842
1984.6250,   0.5918
1984.7083,   0.6811
1984.7917,   0.7548
1984.8750,   0.7843
1984.9583,   0.9054
1985.0417,   0.9582
1985.1250,   1.0757
1985.2083,   1.1204
1985.2917,   1.2189
1985.3750,   1.2998
1985.4583,   1.4250
1985.5417,   1.4889
1985.6250,   1.5192
1985.7083,   1.6850
1985.7917,   1.7364
1985.8750,   1.8438
1985.9583,   1.9656
1986.0417,   1.9328
1986.1250,   1.9835
1986.2083,   2.1098
1986.2917,   2.3198
1986.3750,   2.4296
1986.4583,   2.5248
1986.5417,   2.6648
1986.6250,   2.6217
1986.7083,   2.6477
1986.7917,   2.8191
1986.8750,   2.9833
1986.9583,   3.1692
1987.0417,   3.4759
1987.1250,   3.5358
1987.2083,   3.8184
1987.2917,   3.8043
1987.3750,   4.0249
1987.4583,   3.9830
1987.5417,   4.1956
1987.6250,   4.2750
1987.7083,   4.2714
1987.7917,   4.4184
1987.8750,   4.6731
1987.9583,   4.6707
1988.0417,   4.6045
1988.1250,   4.4402
1988.2083,   4.6396
1988.2917,   4.8314
1988.3750,   4.8055
1988.4583,   4.8173
1988.5417,   4.9527
1988.6250,   5.0178
1988.7083,   4.9668
1988.7917,   4.8153
1988.8750,   4.9575
1988.9583,   4.9309
1989.0417,   5.0410
1989.1250,   5.0296
1989.2083,   5.2658
1989.2917,   5.0000
1989.3750,   5.2974
1989.4583,   5.0926
1989.5417,   5.1073
1989.6250,   5.1078
1989.7083,   5.1929
1989.7917,   5.1305
1989.8750,   4.9358
1989.9583,   5.0047
1990.0417,   5.0747
1990.1250,   5.2102
1990.2083,   5.1205
1990.2917,   5.1886
1990.3750,   5.0778
1990.4583,   5.0832
1990.5417,   5.3616
1990.6250,   5.1990
1990.7083,   5.4500
1990.7917,   5.2144
1990.8750,   5.3233
1990.9583,   5.3042
1991.0417,   5.3274
1991.1250,   5.2638
1991.2083,   5.0948
1991.2917,   5.1417
1991.3750,   5.2357
1991.4583,   5.3087
1991.5417,   5.3637
1991.6250,   5.1146
1991.7083,   5.1169
1991.7917,   5.3707
1991.8750,   5.5852
1991.9583,   5.3949
1992.0417,   5.7298
1992.1250,   5.7611
1992.2083,   5.5126
1992.2917,   5.5417
1992.3750,   5.4224
1992.4583,   5.2539
1992.5417,   5.4474
1992.6250,   5.5728
1992.7083,   5.5734
1992.7917,   5.6170
1992.8750,   5.7102
1992.9583,   5.8492
1993.0417,   5.7878
1993.1250,   6.1033
1993.2083,   6.2258
1993.2917,   5.9771
1993.3750,   6.2653
1993.4583,   6.0834
1993.5417,   6.4283
1993.6250,   6.3172
1993.7083,   6.7441
1993.7917,   6.6172
1993.8750,   6.9967
1993.9583,   6.9550
1994.0417,   6.9149
1994.1250,   7.3415
1994.2083,   7.0796
1994.2917,   7.2918
1994.3750,   7.3769
1994.4583,   7.1461
1994.5417,   7.0883
1994.6250,   6.9870
1994.7083,   6.9549
1994.7917,   7.0411
1994.8750,   6.9090
1994.9583,   6.9354
1995.0417,   7.2521
1995.1250,   7.3786
1995.2083,   7.0835
1995.2917,   7.3646
1995.3750,   7.3623
1995.4583,   7.8511
1995.5417,   7.7244
1995.6250,   7.6866
1995.7083,   7.5674
1995.7917,   8.0009
1995.8750,   7.7162
1995.9583,   7.9730
1996.0417,   7.9087
1996.1250,   7.8521
1996.2083,   7.7573
1996.2917,   8.4210
1996.3750,   8.1162
1996.4583,   8.2253
1996.5417,   8.5358
1996.6250,   8.5048
1996.7083,   8.2444
1996.7917,   8.6969
1996.8750,   8.3852
1996.9583,   8.5649
1997.0417,   8.6873
1997.1250,   8.3390
1997.2083,   8.6053
1997.2917,   8.7294
1997.3750,   8.7385
1997.4583,   8.7926
1997.5417,   8.6070
1997.6250,   8.8643
1997.7083,   8.7845
1997.7917,   8.2954
1997.8750,   8.5128
1997.9583,   8.0521
1998.0417,   8.4524
1998.1250,   8.0470
1998.2083,   8.1324
1998.2917,   7.9370
1998.3750,   7.8155
1998.4583,   8.2374
1998.5417,   7.7989
1998.6250,   7.8027
1998.7083,   7.6470
1998.7917,   7.3630
1998.8750,   7.4335
1998.9583,   7.4529
1999.0417,   7.7483
1999.1250,   7.6071
1999.2083,   7.6414
1999.2917,   7.5867
1999.3750,   7.9687
1999.4583,   7.6128
1999.5417,   8.3150
1999.6250,   7.9232
1999.7083,   8.3566
1999.7917,   8.0747
1999.8750,   8.4783
1999.9583,   8.1374
2000.0417,   8.1522
2000.1250,   8.2198
2000.2083,   7.7901
2000.2917,   8.0337
2000.3750,   7.7684
2000.4583,   8.1862
2000.5417,   8.4055
2000.6250,   8.3563
2000.7083,   8.9187
2000.7917,   8.4360
2000.8750,   9.0285
2000.9583,   8.7345
2001.0417,   8.5489
2001.1250,   8.8824
2001.2083,   8.9429
2001.2917,   9.3098
2001.3750,   8.8346
2001.4583,   8.8013
2001.5417,   9.4223
2001.6250,   9.2350
2001.7083,   9.1015
2001.7917,   9.1694
2001.8750,   9.4321
2001.9583,   9.5296
2002.0417,   9.3660
2002.1250,   9.9006
2002.2083,  10.0525
2002.2917,   9.7384
2002.3750,   9.3728
2002.4583,   9.4207
2002.5417,   8.8512
2002.6250,   9.7019
2002.7083,  10.2344
2002.7917,   9.9284
2002.8750,   9.8438
2002.9583,  10.1112
2003.0417,  10.2835
2003.1250,  10.8513
2003.2083,  10.5606
2003.2917,  10.1267
2003.3750,   9.8958
2003.4583,  10.1446
2003.5417,  10.6474
2003.6250,  10.3930
2003.7083,  10.0988
2003.7917,  10.1767
2003.8750,  10.3826
2003.9583,   9.8441
2004.0417,   9.6864
2004.1250,   9.6871
2004.2083,   9.2027
2004.2917,   9.2870
2004.3750,   9.1781
2004.4583,   9.5066
2004.5417,   9.7895
2004.6250,   9.5543
2004.7083,   9.9879
2004.7917,   9.8393
2004.8750,  10.0850
2004.9583,   9.7419
2005.0417,   9.8777
2005.1250,  10.4116
2005.2083,  10.1701
2005.2917,  10.1157
2005.3750,   9.9922
2005.4583,   9.7893
2005.5417,   9.9691
2005.6250,   9.3776
2005.7083,   9.6719
2005.7917,   9.8349
2005.8750,   9.0985
2005.9583,   8.6062
2006.0417,   9.0109
2006.1250,   8.6560
2006.2083,   8.8908
2006.2917,   8.8234
2006.3750,   9.0692
2006.4583,   9.0186
2006.5417,   9.1153
2006.6250,   8.6036
2006.7083,   9.2946
2006.7917,   8.8133
2006.8750,   8.7714
2006.9583,   8.8590
2007.0417,   8.0395
2007.1250,   8.5264
2007.2083,   8.6612
2007.2917,   8.5966
2007.3750,   8.5355
2007.4583,   8.9431
2007.5417,   8.9346
2007.6250,   8.7018
2007.7083,   8.9590
2007.7917,   8.8079
2007.8750,   8.4487
2007.9583,   8.7088
2008.0417,   8.4078
2008.1250,   8.4608
2008.2083,   8.3240
2008.2917,   8.2573
2008.3750,   7.9036
2008.4583,   8.4091
2008.5417,   7.8205
2008.6250,   7.6012
2008.7083,   7.5309
2008.7917,   7.3594
2008.8750,   7.7280
2008.9583,   7.6522
2009.0417,   7.7680
2009.1250,   7.6329
2009.2083,   7.9007
2009.2917,   7.9897
2009.3750,   7.7561
2009.4583,   7.6241
2009.5417,   7.7496
2009.6250,   7.3001
2009.7083,   7.2147
2009.7917,   6.8424
2009.8750,   6.9191
2009.9583,   6.6773
2010.0417,   6.5153
2010.1250,   6.5886
2010.2083,   6.0707
2010.2917,   6.2312
2010.3750,   6.0259
2010.4583,   5.7718
2010.5417,   5.8706
2010.6250,   5.5620
2010.7083,   5.2833
2010.7917,   5.3834
2010.8750,   5.2671
2010.9583,   5.1746
2011.0417,   5.2099
2011.1250,   5.3291
2011.2083,   5.1170
2011.2917,   5.1547
2011.3750,   5.0092
2011.4583,   5.2299
2011.5417,   5.2495
2011.6250,   5.2139
2011.7083,   5.1526
2011.7917,   4.8878
2011.8750,   5.1147
2011.9583,   5.3327
2012.0417,   5.4113
2012.1250,   5.8276
2012.2083,   5.6407
2012.2917,   5.9274
2012.3750,   6.1368
2012.4583,   6.0510
2012.5417,   6.0720
2012.6250,   6.2602
2012.7083,   6.5278
2012.7917,   6.2110
2012.8750,   6.3695
2012.9583,   6.1335
2013.0417,   6.3203
2013.1250,   6.1760
2013.2083,   6.4342
2013.2917,   6.4665
2013.3750,   6.4509
2013.4583,   6.2263
2013.5417,   6.3785
2013.6250,   6.0388
2013.7083,   5.9863
2013.7917,   5.8443
2013.8750,   5.7036
2013.9583,   5.4935
2014.0417,   5.7839
2014.1250,   5.8502
2014.2083,   5.6989
2014.2917,   5.5457
2014.3750,   5.3232
2014.4583,   5.2603
2014.5417,   5.3001
2014.6250,   5.2443
2014.7083,   5.0048
2014.7917,   5.1093
2014.8750,   5.0273
2014.9583,   5.0118
